Alfeld (Leine),51.83,9.53,52.13,10.13
Alsbach-Hähnlein,49.583333,8.3,49.883333,8.9
Augsburg,48.233,10.583,48.533,11.183
Bassenheim,50.21,7.16,50.51,7.76
Berlin,52.37,13.07,52.67,13.67
Bexbach,49.166667,6.966667,49.466667,7.566667
Bischofsheim_(Mainspitze),49.838333,8.054167,50.138333,8.654167
Bochum,51.14,6.83,51.44,7.43
Bremen,52.927,8.509,53.227,9.109
Büttelborn,49.75,8.216667,50.05,8.816667
Chemnitz,50.683333,12.616667,50.983333,13.216667
Cologne,50.79,6.65,51.09,7.25
Dachau,48.109,11.135,48.409,11.735
Darmstadt,49.716667,8.35,50.016667,8.95
Dortmund,51.366,7.158,51.666,7.758
Dreieich,49.85,8.4,50.15,9.0
Dresden,50.9,13.433333,51.2,14.033333
Düsseldorf,51.075,6.483,51.375,7.083
Egelsbach,49.816667,8.366667,50.116667,8.966667
Eisenach,50.836,10.0325,51.136,10.6325
Erlangen,49.445,10.699,49.745,11.299
Eschborn,49.983333,8.25,50.283333,8.85
Essen,51.302,6.71,51.602,7.31
Flörsheim_am_Main,49.866667,8.133333,50.166667,8.733333
Frankfurt_am_Main,49.96,8.38,50.26,8.98
Freiburg,47.85,7.55,48.15,8.15
Fürstenfeldbruck,48.028,10.955,48.328,11.555
Gernsheim,49.6,8.183333,49.9,8.783333
Gotha,50.8,10.416667,51.1,11.016667
Griesheim,49.711,8.263,50.011,8.863
Groß-Gerau,49.7738889,8.1936111,50.0738889,8.7936111
Göppingen,48.553,9.354,48.853,9.954
Hamburg,53.4,9.7,53.7,10.3
Herne,51.18,6.83,51.48,7.43
Hochheim_am_Main,49.866667,8.05,50.166667,8.65
Hofheim__Hesse,49.933333,8.15,50.233333,8.75
Homburg_(Saar),49.166667,7.033333,49.466667,7.633333
Ingolstadt,48.612,11.125,48.912,11.725
Kaiserslautern,49.294722,7.468889,49.594722,8.068889
Karlsruhe,48.864,8.1043,49.164,8.7043
Kelsterbach,49.911667,8.231111,50.211667,8.831111
Kronberg_im_Taunus,50.033333,8.2,50.333333,8.8
Kulmbach,49.957,11.158,50.257,11.758
Landshut,48.387,11.852,48.687,12.452
Langen_(Hessen),49.843333,8.372778,50.143333,8.972778
Leipzig,51.183333,12.083333,51.483333,12.683333
Lübeck,53.72,10.37,54.02,10.97
Mainz,49.85,7.971111,50.15,8.571111
Mannheim,49.339,8.1691,49.639,8.7691
Munich,47.989,11.266,48.289,11.866
Mörfelden-Walldorf,49.85,8.283333,50.15,8.883333
Mühltal_(Hessen),49.65,8.4,49.95,9.0
Neckarsulm,49.042,8.925,49.342,9.525
Neu-Isenburg,49.9,8.396,50.2,8.996
Niebüll,54.65,8.533333,54.95,9.133333
Nürtingen,48.477,9.043,48.777,9.643
Oberursel,50.05,8.283333,50.35,8.883333
Offenbach__Hesse,49.95,8.466667,50.25,9.066667
Oldenburg,52.99,7.91,53.29,8.51
Osnabrück,52.12,7.75,52.42,8.35
Pfungstadt,49.6563889,8.3069444,49.9563889,8.9069444
Plattling,48.628,12.572,48.928,13.172
Puttgarden,54.343,10.91,54.643,11.51
Quickborn_(Kreis_Pinneberg),53.581667,9.598333,53.881667,10.198333
Rauischholzhausen,50.6,8.5833333,50.9,9.1833333
Reutlingen,48.14,8.83,48.44,9.43
Rheinböllen,49.857,7.373,50.157,7.973
Riedstadt,49.6875,8.2047,49.9875,8.8047
Rostock,53.9333,11.8333,54.2333,12.4333
Rüsselsheim,49.85,8.133333,50.15,8.733333
Schwalbach_am_Taunus,49.85,8.133333,50.15,8.733333
Seeheim-Jugenheim,49.6,8.35,49.9,8.95
Simmern/ Hunsrück,49.835,7.222,50.135,7.822
Steinbach_(Taunus),50.016667,8.266667,50.316667,8.866667
Stuttgart,48.6266,8.8777,48.9266,9.4777
Sulzbach_(Taunus),49.983333,8.233333,50.283333,8.833333
Sylt,54.765833,8.030833,55.065833,8.630833
Trebur,49.7811111,8.1161111,50.0811111,8.7161111
Trennfurt,49.6277778,8.875,49.9277778,9.475
Trier,49.607,6.3375,49.907,6.9375
Tübingen,48.37,8.75,48.67,9.35
Ulm,48.25,9.69,48.55,10.29
Waldmohr,49.2333333,7.0333333,49.5333333,7.6333333
Weiterstadt,49.75,8.3,50.05,8.9
Weyhe,52.83,8.55,53.13,9.15
Wiesbaden,49.933333,7.95,50.233333,8.55
Wittlich,49.836,6.59,50.136,7.19
Zweibrücken,49.099444,7.060833,49.399444,7.660833
