               36  061  100704  1      9062
               36  061  100704  2       812
               36  061  100704  4       851
               36  061  100704  5      1023
               36  061  100704  6       403
               36  061  100704  7       110
               36  061  100704  8       355
               36  061  100704  a      3987
               36  061  100704  b         0
               36  061  100704  c      1276
               36  061  100704  h      2688
               36  061  100704  i      9062
               36  061  100704  p      3987
               36  061  100704  r         1
               36  061  100704  s      3987
               36  061  100704  t      5084
               36  061  100704  z      7029
               36  061  100704  m      9062
