52.211132 0.09166 59.4 1091121712557
52.211132 0.091652 60.0 1091121713574
52.211132 0.091645 60.6 1091121714579
52.211136 0.091638 61.2 1091121715593
52.211136 0.09163 61.7 1091121716605
52.211136 0.091623 62.3 1091121717609
52.211136 0.091617 62.8 1091121718623
52.211136 0.091612 63.3 1091121719633
52.211136 0.091605 63.9 1091121720639
52.211136 0.091598 64.5 1091121721653
52.211136 0.091592 65.1 1091121722663
52.211136 0.091585 65.7 1091121723669
52.211136 0.091578 66.2 1091121724683
52.211136 0.091572 66.8 1091121725693
52.211136 0.091565 67.3 1091121726699
52.211136 0.091558 67.9 1091121727714
52.211136 0.091552 68.5 1091121728723
52.211136 0.091543 69.0 1091121729729
52.21114 0.091537 69.6 1091121730743
52.21114 0.091528 70.2 1091121731753
52.21114 0.09152 70.7 1091121732759
52.21114 0.091513 71.1 1091121733774
52.21114 0.091507 71.5 1091121734783
52.211143 0.091502 71.9 1091121735793
52.211143 0.091497 72.2 1091121736799
52.211143 0.09149 72.6 1091121737814
52.211143 0.091485 73.0 1091121738823
52.211143 0.091478 73.4 1091121739829
52.211143 0.091473 73.8 1091121740843
52.211143 0.091468 74.2 1091121741853
52.211143 0.091465 74.6 1091121742859
52.211143 0.091462 74.9 1091121743873
52.211143 0.09146 75.2 1091121744883
52.211143 0.091458 75.4 1091121745889
52.211143 0.091455 75.7 1091121746903
52.21114 0.091453 75.9 1091121747913
52.21114 0.091453 76.2 1091121748920
52.21114 0.091452 76.4 1091121749933
52.21114 0.091452 76.6 1091121750943
52.211136 0.09145 76.8 1091121751949
52.211136 0.091448 76.9 1091121752963
52.211136 0.091448 77.1 1091121753973
52.211136 0.091447 77.3 1091121754979
52.211136 0.091443 77.6 1091121755993
52.211136 0.091442 77.8 1091121757003
52.211136 0.09144 78.0 1091121758009
52.211136 0.091437 78.3 1091121759023
52.211136 0.091435 78.5 1091121760037
52.211136 0.091433 78.6 1091121761049
52.211136 0.09143 78.8 1091121762063
52.211136 0.091428 79.0 1091121763073
52.21114 0.091427 79.2 1091121764079
52.21114 0.091425 79.4 1091121765097
52.21114 0.091422 79.7 1091121766113
52.21114 0.09142 79.9 1091121767119
52.21114 0.091418 80.2 1091121768133
52.21114 0.091417 80.4 1091121769143
52.21114 0.091413 80.5 1091121770150
52.211143 0.091412 80.7 1091121771163
52.211143 0.091412 80.9 1091121772174
52.211143 0.09141 81.1 1091121773179
52.211143 0.09141 81.2 1091121774189
52.211143 0.091408 81.3 1091121775201
52.211143 0.091408 81.4 1091121776210
52.211143 0.091408 81.5 1091121777220
52.211143 0.091407 81.6 1091121778230
52.211147 0.091407 81.7 1091121779239
52.211147 0.091408 81.6 1091121780249
52.211147 0.091408 81.6 1091121781261
52.211147 0.09141 81.5 1091121782269
52.211143 0.09141 81.4 1091121783280
52.211143 0.091412 81.2 1091121784290
52.211143 0.091413 81.1 1091121785299
52.211143 0.091415 80.9 1091121786310
52.211143 0.091417 80.7 1091121787319
52.21114 0.091422 80.1 1091121788329
52.21114 0.091425 79.8 1091121789339
52.21114 0.091428 79.5 1091121790350
52.21114 0.091432 79.2 1091121791359
52.21114 0.091433 79.0 1091121792370
52.211136 0.091435 78.7 1091121793380
52.211136 0.091438 78.5 1091121794389
52.211136 0.09144 78.2 1091121795399
52.211136 0.091442 78.0 1091121796411
52.211136 0.091443 77.8 1091121797421
52.21114 0.091443 77.6 1091121798430
52.21114 0.091445 77.4 1091121799440
52.21114 0.091447 77.2 1091121800449
52.211136 0.091448 76.9 1091121801459
52.211136 0.09145 76.6 1091121802470
52.211136 0.091452 76.4 1091121803479
52.211136 0.091455 76.1 1091121804489
52.211136 0.091458 75.8 1091121805499
52.211136 0.09146 75.5 1091121806509
52.211132 0.091462 75.2 1091121807520
52.211132 0.091465 75.0 1091121808531
52.211132 0.091468 74.7 1091121809540
52.211132 0.091472 74.4 1091121810550
52.211132 0.091475 74.1 1091121811560
52.211132 0.091478 73.8 1091121812569
52.211132 0.091482 73.6 1091121813581
52.211132 0.091485 73.3 1091121814589
52.211132 0.091488 73.1 1091121815599
52.211132 0.09149 72.9 1091121816609
52.211132 0.091493 72.7 1091121817620
52.211132 0.091495 72.5 1091121818629
52.211132 0.091498 72.4 1091121819639
52.211132 0.0915 72.2 1091121820650
52.211132 0.091502 72.1 1091121821659
52.211132 0.091503 71.9 1091121822669
52.211132 0.091507 71.7 1091121823681
52.211132 0.09151 71.4 1091121824689
52.211132 0.091513 71.1 1091121825699
52.211132 0.091517 70.9 1091121826709
52.211132 0.091518 70.7 1091121827719
52.211136 0.09152 70.6 1091121828729
52.211136 0.091522 70.5 1091121829739
52.211136 0.091523 70.3 1091121830749
52.21114 0.091525 70.1 1091121831759
52.21114 0.091527 69.9 1091121832769
52.21114 0.09153 69.7 1091121833779
52.211143 0.091532 69.6 1091121834791
52.211143 0.091533 69.4 1091121835800
52.211143 0.091535 69.4 1091121836809
52.211147 0.091535 69.5 1091121837819
52.211147 0.091537 69.4 1091121838829
52.21115 0.091537 69.4 1091121839840
52.21115 0.091537 69.4 1091121840849
52.21115 0.091537 69.4 1091121841859
52.21115 0.091537 69.4 1091121842869
52.211155 0.091537 69.5 1091121843880
52.211155 0.091537 69.5 1091121844889
52.21116 0.091537 69.6 1091121845901
52.21116 0.091537 69.7 1091121846909
52.21116 0.091537 69.7 1091121847920
52.21116 0.091535 69.8 1091121848929
52.21116 0.091533 69.9 1091121849939
52.21116 0.091533 70.0 1091121850949
52.21116 0.091533 70.1 1091121851960
52.21116 0.091533 70.2 1091121852969
52.21116 0.091533 70.3 1091121853980
52.21116 0.091532 70.5 1091121854989
52.21116 0.09153 70.7 1091121855999
52.21116 0.091528 70.9 1091121857011
52.211163 0.091527 71.0 1091121858019
52.211163 0.091525 71.1 1091121859029
52.211163 0.091523 71.2 1091121860040
52.211163 0.091522 71.3 1091121861049
52.211166 0.091497 72.6 1091121871047
52.211166 0.091495 72.8 1091121872071
52.211166 0.091493 72.9 1091121873079
52.211166 0.091492 73.0 1091121874090
52.211163 0.09149 73.1 1091121875099
52.211163 0.091488 73.1 1091121876110
52.211163 0.091488 73.2 1091121877119
52.211163 0.091487 73.2 1091121878129
52.211163 0.091487 73.2 1091121879139
52.211163 0.091487 73.1 1091121880150
52.211163 0.091487 73.1 1091121881159
52.211163 0.091487 73.0 1091121882170
52.211163 0.091487 72.9 1091121883180
52.211163 0.091487 72.9 1091121884190
52.211163 0.091485 72.8 1091121885200
52.211163 0.091483 72.7 1091121886210
52.211163 0.091482 72.8 1091121887219
52.211163 0.09148 72.9 1091121888230
52.21116 0.091478 73.0 1091121889239
52.21116 0.091477 73.1 1091121890249
52.21116 0.091475 73.1 1091121891259
52.21116 0.091475 73.3 1091121892270
52.21116 0.091473 73.3 1091121893279
52.21116 0.091472 73.4 1091121894291
52.21116 0.091472 73.4 1091121895299
52.211155 0.09147 73.5 1091121896310
52.211155 0.091468 73.6 1091121897320
52.21115 0.091467 73.7 1091121898329
52.21115 0.091465 73.7 1091121899340
52.21115 0.091463 73.7 1091121900349
52.21115 0.091462 73.7 1091121901360
52.21115 0.091458 73.8 1091121902369
52.21115 0.091457 73.9 1091121903379
52.21115 0.091453 74.0 1091121904390
52.21115 0.091452 74.1 1091121905400
52.21115 0.09145 74.3 1091121906410
52.21115 0.091448 74.4 1091121907419
52.21115 0.091448 74.4 1091121908430
52.21115 0.091447 74.5 1091121909439
52.21115 0.091445 74.6 1091121910451
52.21115 0.091445 74.6 1091121911460
52.211147 0.091443 74.7 1091121912469
52.211147 0.091443 74.8 1091121913479
52.211143 0.09144 75.1 1091121914490
52.211143 0.091438 75.2 1091121915499
52.211143 0.091437 75.4 1091121916510
52.211143 0.091435 75.6 1091121917519
52.211143 0.091435 75.7 1091121918530
52.21114 0.091433 75.8 1091121919540
52.21114 0.091433 76.0 1091121920549
52.21114 0.091432 76.1 1091121921561
52.21114 0.091432 76.2 1091121922569
52.211136 0.091432 76.2 1091121923579
52.211136 0.091432 76.2 1091121924590
52.211136 0.091432 76.2 1091121925599
52.211132 0.091432 76.3 1091121926609
52.211132 0.091432 76.3 1091121927620
52.211132 0.091432 76.4 1091121928629
52.211132 0.091432 76.4 1091121929639
52.21113 0.091433 76.4 1091121930649
52.21113 0.091433 76.3 1091121931659
52.21113 0.091433 76.3 1091121932671
52.21113 0.091433 76.3 1091121933679
52.21113 0.091435 76.3 1091121934689
52.21113 0.091435 76.4 1091121935699
52.211132 0.091428 76.5 1091121936709
52.211136 0.091418 76.5 1091121937719
52.211136 0.091415 76.6 1091121938729
52.21113 0.091415 76.7 1091121939739
52.211117 0.091435 77.1 1091121943780
52.211105 0.091483 76.8 1091121944789
52.211098 0.091518 76.5 1091121945799
52.211094 0.09154 76.4 1091121946809
52.211117 0.091342 105.0 1091125041680
52.211117 0.091345 104.3 1091125042709
52.211124 0.091345 104.5 1091125043719
52.211124 0.091345 104.6 1091125044729
52.21113 0.091347 104.8 1091125045739
52.211132 0.091347 105.1 1091125046750
52.21114 0.091347 105.4 1091125047759
52.211143 0.091347 105.6 1091125048769
52.211143 0.091348 105.8 1091125049779
52.211155 0.091347 106.4 1091125050789
52.211163 0.091347 106.7 1091125051799
52.211166 0.091347 107.0 1091125052809
52.21117 0.091345 107.2 1091125053819
52.211174 0.091345 107.4 1091125054829
52.211178 0.091343 107.6 1091125055839
52.21119 0.091352 106.8 1091125056849
52.211197 0.091363 105.3 1091125057859
52.2112 0.091372 104.1 1091125058869
52.2112 0.091377 103.2 1091125059879
52.2112 0.091383 102.4 1091125060889
52.2112 0.09139 101.4 1091125061900
52.211197 0.091397 100.3 1091125062909
52.211193 0.091403 99.2 1091125063919
52.21119 0.091408 97.9 1091125064929
52.21118 0.091415 96.5 1091125065939
52.21118 0.09142 95.4 1091125066949
52.21116 0.091425 93.1 1091125068969
52.21114 0.091427 91.0 1091125069979
52.21113 0.091432 88.7 1091125070989
52.211117 0.091438 86.6 1091125071999
52.211113 0.091442 85.2 1091125073011
52.2111 0.091445 83.9 1091125074019
52.2111 0.09145 82.6 1091125075029
52.211098 0.091453 81.4 1091125076039
52.211098 0.091457 80.3 1091125077049
52.2111 0.091463 78.7 1091125078059
52.2111 0.091472 77.0 1091125079069
52.2111 0.091478 75.6 1091125080079
52.211113 0.091495 73.0 1091125082099
52.211113 0.0915 72.6 1091125083111
52.211094 0.091548 73.2 1091125093209
52.211082 0.091577 72.5 1091125095229
52.21108 0.091578 72.7 1091125096239
52.21107 0.09156 73.2 1091125097249
52.211067 0.091548 73.4 1091125098259
52.21107 0.091535 73.8 1091125099269
52.21108 0.091523 74.2 1091125100279
52.211082 0.09151 74.7 1091125101289
52.211098 0.091472 75.4 1091125103309
52.211094 0.091465 76.0 1091125104319
52.211086 0.091472 76.1 1091125105329
52.211082 0.091478 76.2 1091125106339
52.21107 0.091475 76.5 1091125108359
52.21107 0.091478 76.1 1091125109369
52.211067 0.09149 75.2 1091125110379
52.211063 0.09149 75.4 1091125111389
52.211067 0.091488 75.2 1091125112399
52.211075 0.091482 75.4 1091125113409
52.21108 0.091483 75.3 1091125114419
52.211082 0.091485 75.3 1091125115429
52.211086 0.091482 75.2 1091125116439
52.211086 0.091475 75.3 1091125117449
52.211086 0.09147 75.4 1091125118459
52.211082 0.091467 75.4 1091125119469
52.211082 0.091472 75.4 1091125120479
52.21108 0.091488 75.4 1091125121489
52.211082 0.091513 75.4 1091125122499
52.21112 0.091552 76.0 1091125124519
52.21115 0.091537 76.7 1091125125529
52.211166 0.09149 77.4 1091125126539
52.211174 0.091427 77.8 1091125127549
52.21117 0.09136 78.0 1091125128559
52.21116 0.091303 78.1 1091125129569
52.21113 0.091268 78.3 1091125130579
52.211094 0.091257 78.1 1091125131589
52.21105 0.091245 78.1 1091125132599
52.211 0.091227 78.2 1091125133609
52.21095 0.091208 78.3 1091125134619
52.2109 0.091188 78.3 1091125135629
52.21085 0.091168 78.2 1091125136639
52.2108 0.091145 78.2 1091125137649
52.21076 0.091123 78.0 1091125138659
52.210716 0.091103 77.9 1091125139669
52.21067 0.091085 77.8 1091125140679
52.21063 0.091065 77.8 1091125141689
52.210587 0.091047 77.8 1091125142699
52.210545 0.091027 77.8 1091125143709
52.2105 0.09101 77.8 1091125144719
52.210457 0.091 77.8 1091125145729
52.21042 0.091012 77.9 1091125146739
52.21039 0.091052 78.0 1091125147749
52.210365 0.091113 78.0 1091125148759
52.210354 0.091183 78.0 1091125149769
52.21034 0.091257 78.0 1091125150779
52.210323 0.09133 77.8 1091125151789
52.210308 0.091405 77.6 1091125152799
52.21028 0.091477 77.3 1091125153809
52.210217 0.091605 76.9 1091125154819
52.210186 0.091673 76.8 1091125155829
52.210163 0.091753 76.6 1091125156839
52.21015 0.091843 76.2 1091125157849
52.210144 0.091942 75.9 1091125158859
52.210136 0.092042 75.7 1091125159869
52.21013 0.092142 75.5 1091125160879
52.210117 0.092242 75.4 1091125161889
52.210114 0.09234 75.3 1091125162899
52.21011 0.092435 75.2 1091125163909
52.210102 0.092528 75.0 1091125164919
52.210094 0.09262 74.8 1091125165929
52.210087 0.092708 74.6 1091125166939
52.21008 0.092793 74.5 1091125167949
52.21006 0.092872 74.4 1091125168959
52.210033 0.092942 74.3 1091125169969
52.20999 0.09299 74.1 1091125170979
52.209946 0.093012 73.9 1091125171989
52.209892 0.09301 73.7 1091125172999
52.209843 0.092998 73.7 1091125174010
52.209793 0.092983 73.6 1091125175019
52.20974 0.09297 73.7 1091125176029
52.20969 0.092957 73.7 1091125177039
52.20964 0.092942 73.7 1091125178049
52.209587 0.092925 73.6 1091125179059
52.209534 0.09291 73.3 1091125180069
52.20948 0.0929 73.1 1091125181079
52.20943 0.0929 73.0 1091125182089
52.20938 0.092918 72.9 1091125183099
52.209347 0.09296 72.7 1091125184109
52.20932 0.093025 72.5 1091125185119
52.20931 0.093103 72.3 1091125186129
52.209305 0.09319 72.1 1091125187139
52.209297 0.093282 71.8 1091125188149
52.209293 0.093373 71.6 1091125189159
52.209286 0.093465 71.4 1091125190169
52.20928 0.093557 71.2 1091125191179
52.20927 0.093647 71.1 1091125192189
52.209267 0.093735 70.9 1091125193199
52.20926 0.09382 70.7 1091125194209
52.209244 0.0939 70.4 1091125195219
52.209213 0.093967 70.2 1091125196229
52.20917 0.09401 70.1 1091125197239
52.209126 0.094023 69.8 1091125198249
52.209076 0.094015 69.5 1091125199259
52.209026 0.094002 69.3 1091125200269
52.20898 0.093992 69.1 1091125201279
52.208942 0.093988 69.2 1091125202289
52.20891 0.093992 69.3 1091125203299
52.20888 0.094 0.0 1091125204309
52.20885 0.094007 0.0 1091125205319
52.208893 0.094002 69.6 1091125206329
52.208893 0.093998 69.1 1091125208349
52.208885 0.094013 68.5 1091125212389
52.208885 0.094013 68.1 1091125213399
52.208885 0.094015 67.8 1091125214409
52.208893 0.09403 67.3 1091125218449
52.208897 0.094027 66.7 1091125219459
52.208904 0.09402 66.1 1091125220469
52.208904 0.094015 65.5 1091125221479
52.208908 0.093985 62.5 1091125242689
52.20885 0.093993 62.6 1091125243699
52.208897 0.093902 62.6 1091125246729
52.208893 0.093873 62.6 1091125247739
52.20888 0.093855 62.6 1091125248749
52.208878 0.093862 62.9 1091125257839
52.208878 0.09388 62.9 1091125258849
52.208878 0.09389 62.9 1091125259859
52.208874 0.093898 62.9 1091125260869
52.20883 0.093918 62.7 1091125263899
52.2088 0.093905 62.9 1091125264909
52.208767 0.093895 63.2 1091125265919
52.20873 0.09389 63.3 1091125266929
52.208687 0.093885 0.0 1091125267939
52.20864 0.093872 63.5 1091125268949
52.208595 0.093865 0.0 1091125269959
52.208553 0.09386 0.0 1091125270969
52.20851 0.093855 0.0 1091125271979
52.208466 0.093848 0.0 1091125272989
52.20839 0.093808 64.8 1091125273999
52.208336 0.093797 64.9 1091125275009
52.208282 0.093787 65.8 1091125276019
52.20823 0.093782 0.0 1091125277029
52.2082 0.093832 67.0 1091125278039
52.208176 0.0939 67.7 1091125279049
52.20816 0.093977 67.9 1091125280059
52.20815 0.094053 67.6 1091125281069
52.208134 0.094113 67.4 1091125282079
52.20811 0.094155 67.7 1091125283089
52.208084 0.094172 67.9 1091125284099
52.208057 0.094173 68.1 1091125285109
52.208035 0.094177 68.3 1091125286119
52.20802 0.094198 68.5 1091125287129
52.208008 0.094242 68.6 1091125288139
52.208004 0.094297 68.7 1091125289149
52.207996 0.094357 68.7 1091125290159
52.20799 0.09442 68.7 1091125291169
52.207977 0.094483 68.8 1091125292179
52.207973 0.094555 68.8 1091125293189
52.207962 0.09463 68.9 1091125294199
52.207954 0.094708 68.9 1091125295209
52.207947 0.094788 68.9 1091125296219
52.20794 0.094867 68.9 1091125297229
52.20793 0.094945 68.9 1091125298239
52.207928 0.095022 69.0 1091125299249
52.207916 0.095102 69.1 1091125300259
52.20791 0.095182 69.2 1091125301269
52.2079 0.095267 69.3 1091125302279
52.207893 0.095353 69.3 1091125303289
52.207886 0.095443 69.2 1091125304299
52.20788 0.095537 69.2 1091125305309
52.20787 0.09563 69.1 1091125306319
52.207867 0.095725 69.0 1091125307329
52.20786 0.095818 68.9 1091125308339
52.20785 0.095913 68.8 1091125309349
52.207844 0.096007 68.7 1091125310359
52.207836 0.096102 68.7 1091125311369
52.20783 0.096197 68.6 1091125312379
52.20782 0.096293 68.6 1091125313389
52.207813 0.096388 68.6 1091125314399
52.2078 0.096485 68.5 1091125315409
52.207794 0.096582 68.4 1091125316419
52.207787 0.096678 68.4 1091125317429
52.20777 0.096773 68.4 1091125318439
52.20775 0.096863 68.4 1091125319449
52.207718 0.096948 68.3 1091125320459
52.207687 0.097032 68.1 1091125321469
52.207657 0.097117 68.1 1091125322479
52.207623 0.0972 67.9 1091125323489
52.20759 0.097282 67.7 1091125324499
52.207558 0.097363 67.4 1091125325509
52.207523 0.097443 67.3 1091125326519
52.207493 0.097523 67.2 1091125327529
52.20746 0.097603 67.1 1091125328539
52.207428 0.097682 67.0 1091125329549
52.207394 0.097758 67.0 1091125330559
52.207363 0.097835 66.9 1091125331569
52.207333 0.09791 66.9 1091125332579
52.207302 0.097983 66.9 1091125333589
52.20727 0.098057 66.9 1091125334599
52.20724 0.098128 67.0 1091125335609
52.207214 0.0982 67.0 1091125336619
52.207184 0.098272 66.9 1091125337629
52.207153 0.098343 66.8 1091125338639
52.207127 0.098413 66.8 1091125339649
52.2071 0.098482 66.8 1091125340659
52.207073 0.09855 66.9 1091125341669
52.207047 0.098615 66.9 1091125342679
52.20702 0.09868 66.8 1091125343689
52.206993 0.098745 66.8 1091125344699
52.206974 0.098803 67.1 1091125345709
52.206947 0.098857 67.4 1091125346719
52.20692 0.09889 67.8 1091125347729
52.20689 0.098907 68.2 1091125348754
52.206867 0.098928 68.4 1091125349759
52.20685 0.098967 68.8 1091125350769
52.206833 0.099015 69.1 1091125351779
52.20682 0.099062 69.9 1091125352789
52.20681 0.099122 70.0 1091125353799
52.2068 0.099188 70.2 1091125354809
52.206783 0.099262 70.3 1091125355819
52.20677 0.099337 70.5 1091125356829
52.20674 0.099495 70.3 1091125357839
52.20673 0.099578 70.1 1091125358849
52.20672 0.099667 70.0 1091125359860
52.20671 0.099755 70.0 1091125360869
52.2067 0.099845 70.0 1091125361879
52.206688 0.099935 69.9 1091125362889
52.206676 0.100027 69.8 1091125363899
52.20666 0.100118 69.8 1091125364909
52.206654 0.10021 69.7 1091125365919
52.206642 0.100302 69.5 1091125366929
52.20663 0.100395 69.2 1091125367939
52.206615 0.100487 69.0 1091125368949
52.206604 0.10058 68.7 1091125369959
52.206593 0.100673 68.5 1091125370970
52.20658 0.100768 68.4 1091125371979
52.20657 0.100862 68.5 1091125372989
52.206554 0.100957 68.6 1091125373999
52.206543 0.101052 68.7 1091125375009
52.20653 0.101145 68.9 1091125376021
52.206516 0.10124 69.0 1091125377029
52.206505 0.101333 68.9 1091125378039
52.206493 0.101427 68.9 1091125379049
52.206482 0.101522 68.8 1091125380059
52.206467 0.101615 68.6 1091125381069
52.206455 0.10171 68.5 1091125382081
52.206444 0.101803 68.2 1091125383089
52.206432 0.101897 68.0 1091125384099
52.206417 0.101988 67.7 1091125385109
52.206406 0.10208 67.3 1091125386119
52.20639 0.10217 67.1 1091125387129
52.20638 0.10226 67.0 1091125388139
52.206367 0.10235 67.0 1091125389149
52.206356 0.102438 67.1 1091125390159
52.20634 0.10253 67.2 1091125391169
52.20633 0.102623 67.4 1091125392179
52.206318 0.102717 67.7 1091125393190
52.206303 0.102813 67.7 1091125394199
52.20629 0.10291 67.8 1091125395209
52.20628 0.103007 67.9 1091125396219
52.206264 0.103103 67.8 1091125397229
52.206253 0.103198 67.7 1091125398239
52.206238 0.103292 67.7 1091125399249
52.20622 0.103383 67.6 1091125400259
52.206207 0.103473 67.4 1091125401269
52.206196 0.103565 67.3 1091125402279
52.206184 0.103658 67.2 1091125403289
52.206173 0.103753 67.2 1091125404300
52.20616 0.10385 67.1 1091125405309
52.206146 0.103947 67.0 1091125406319
52.20614 0.104043 66.8 1091125407329
52.20613 0.104142 66.6 1091125408339
52.20612 0.104238 66.5 1091125409349
52.20611 0.104337 66.5 1091125410359
52.206097 0.104435 66.4 1091125411369
52.206085 0.104532 66.4 1091125412379
52.206074 0.104625 66.4 1091125413389
52.20606 0.104718 66.5 1091125414399
52.206047 0.104812 66.9 1091125415410
52.206036 0.104907 67.0 1091125416419
52.206024 0.105 67.0 1091125417429
52.206013 0.105092 66.9 1091125418439
52.206 0.105182 66.8 1091125419449
52.205986 0.105268 66.7 1091125420459
52.205975 0.105353 66.6 1091125421469
52.205967 0.105432 66.6 1091125422479
52.20596 0.105503 66.6 1091125423489
52.20595 0.105568 66.6 1091125424499
52.205944 0.10563 66.7 1091125425509
52.205936 0.10569 66.6 1091125426520
52.205933 0.10575 66.4 1091125427529
52.205925 0.105808 66.1 1091125428539
52.20592 0.10586 65.8 1091125429549
52.205914 0.105907 65.6 1091125430559
52.205906 0.105953 65.5 1091125431569
52.205894 0.106003 65.5 1091125432579
52.205883 0.106052 65.6 1091125433589
52.20587 0.1061 65.8 1091125434599
52.205856 0.106148 66.0 1091125435609
52.205833 0.106203 65.9 1091125436619
52.205814 0.10627 65.8 1091125437630
52.205795 0.10634 65.8 1091125438639
52.20577 0.106408 65.8 1091125439649
52.205738 0.106468 65.8 1091125440659
52.205704 0.106525 65.8 1091125441669
52.205677 0.106598 65.4 1091125442679
52.205658 0.106672 64.8 1091125443689
52.20564 0.106737 64.3 1091125444699
52.205624 0.106798 64.2 1091125445709
52.20561 0.106867 64.3 1091125446719
52.20561 0.106938 64.5 1091125447729
52.20562 0.107013 65.0 1091125448740
52.205635 0.10709 65.4 1091125449749
52.20565 0.107168 65.7 1091125450759
52.205666 0.107253 66.0 1091125451769
52.205696 0.107427 66.4 1091125452779
52.20571 0.107513 66.6 1091125453789
52.20573 0.107602 66.9 1091125454799
52.20574 0.107692 67.2 1091125455809
52.205753 0.107747 0.0 1091125456819
52.20577 0.107802 0.0 1091125457829
52.20577 0.107968 67.5 1091125458839
52.205772 0.108057 68.0 1091125459850
52.205772 0.108145 68.2 1091125460859
52.20577 0.108235 67.9 1091125461869
52.205765 0.108325 67.8 1091125462879
52.205753 0.108417 67.8 1091125463889
52.205746 0.108507 67.8 1091125464899
52.205738 0.108595 67.8 1091125465909
52.205734 0.108682 67.9 1091125466919
52.205727 0.108768 67.8 1091125467929
52.205723 0.108857 67.8 1091125468939
52.205715 0.108945 67.9 1091125469949
52.20571 0.109035 68.0 1091125470960
52.205704 0.109123 68.1 1091125471969
52.205696 0.109215 68.1 1091125472979
52.205696 0.109307 68.0 1091125473989
52.20569 0.1094 67.9 1091125474999
52.205685 0.10949 67.8 1091125476009
52.205677 0.109582 67.6 1091125477020
