720 485 1024 1024
855 203 1024 587
792 474 1003 1024
797 422 941 852
718 485 1024 763
755 368 890 771
729 267 955 433
658 316 949 414
586 426 843 1024
585 416 848 592
581 428 882 586
584 269 776 334
564 161 932 306
577 332 797 416
589 279 702 386
560 340 606 405
560 303 609 355
560 252 610 319
554 310 631 349
548 356 589 375
548 349 586 363
550 337 563 360
538 327 552 346
544 340 567 351
538 332 547 353
526 372 655 416
535 364 577 380
539 358 553 373
539 349 553 361
539 345 551 358
533 328 569 341
517 304 584 332
530 329 553 340
530 344 543 354
529 338 549 346
528 364 550 379
528 362 551 368
527 360 550 367
528 351 541 362
489 396 806 500
510 375 624 414
502 364 525 386
512 367 544 381
513 335 534 342
512 328 540 339
512 345 535 359
512 340 533 349
512 338 531 348
506 358 533 369
506 348 532 362
504 325 536 338
497 306 569 331
485 314 509 360
469 271 558 325
488 360 520 383
488 338 512 376
488 314 509 373
486 340 517 362
487 327 519 348
444 250 580 316
232 0 1024 291
377 409 643 1024
355 411 719 587
332 370 521 401
335 337 510 385
343 248 510 354
317 400 701 529
314 375 550 428
309 251 368 414
297 380 360 402
296 385 368 506
300 378 321 386
289 369 304 387
296 373 317 381
289 355 352 377
295 380 308 397
292 394 323 485
290 394 314 403
289 401 307 408
288 397 293 403
287 396 299 401
285 387 306 395
286 374 300 391
285 381 304 389
284 380 305 388
286 398 291 403
285 392 297 399
285 389 296 398
284 404 296 409
274 405 286 411
281 403 293 407
279 399 288 404
279 400 290 403
279 407 300 415
270 411 282 425
276 407 290 414
276 404 285 413
273 396 288 401
266 381 277 402
271 388 292 397
272 406 284 411
269 401 284 406
267 415 307 505
267 413 303 426
268 382 289 394
257 379 271 400
264 371 300 384
267 411 280 426
267 408 278 413
266 407 277 412
265 400 274 412
265 382 275 405
264 396 283 403
261 359 302 378
238 355 268 374
234 324 352 365
245 392 275 401
245 383 274 394
244 413 272 424
244 403 271 415
242 373 272 387
239 361 278 375
237 393 269 405
234 400 248 426
232 412 262 423
231 318 253 380
215 378 258 392
212 389 253 403
200 424 326 463
196 422 280 436
208 376 249 391
208 357 249 380
208 348 246 375
206 407 247 422
206 399 244 414
201 395 242 409
190 390 220 401
185 378 224 392
181 412 243 425
171 384 191 442
173 400 214 414
169 391 209 404
169 380 202 403
167 363 217 383
165 344 229 369
154 327 243 358
120 206 502 351
161 367 193 388
160 383 174 407
101 361 168 560
144 331 166 394
149 339 167 391
96 361 168 557
155 348 169 388
78 426 348 517
60 396 191 454
60 410 235 451
64 398 198 451
68 374 170 453
143 323 167 390
143 330 175 383
140 335 199 367
0 459 462 1024
0 436 444 585
0 324 165 573
0 298 187 368
0 0 487 352
